Title,Album,Artist,Duration (ms),Rating,Play Count,Removed,Playlist Index
"Buscando (Karuan vs. Circus Remix (Digital Bonus Track))","Pop Arif","Madrid De  Los Austrias","355000","5","18","","1490"
