Title,Album,Artist,Duration (ms),Rating,Play Count,Removed
"Nearly Lost You","Singles","Screaming Trees","247116","5","21",""
