Title,Album,Artist,Duration (ms),Rating,Play Count,Removed
"You","God Fodder","Ned&#39;s Atomic Dustbin","115856","3","8",""
