Title,Album,Artist,Duration (ms),Rating,Play Count,Removed,Playlist Index
"Outskirts Of Novigrad","Witcher 3 OST","Percival &amp; Marcin Przybyłowicz","364173","5","37","","48"
